SUVs & Wagons: 400, 404, 442, 458, 479, 489, 505, 579
2 Door Sedans & Compacts: 401, 410, 419, 436, 439, 474, 491, 496, 517, 518, 526, 527, 533, 545, 549, 580, 589, 600, 602
4 Door Sedans: 405, 409, 421, 426, 445, 466, 467, 492, 507, 516, 529, 540, 546, 547, 550, 551, 566, 585, 587
Muscle Cars: 402, 475, 542, 603
Street Racers: 558, 559, 560, 561, 562, 565
Sports Cars: 411, 415, 429, 434, 451, 477, 480, 494, 502, 503, 506, 541
Heavy Trucks & Utility: 403, 406, 414, 423, 443, 455, 456, 486, 498, 499, 514, 515, 524, 531, 532, 573, 578, 588, 609
Light Trucks & Vans: 413, 418, 422, 440, 459, 478, 482, 530, 543, 554, 572, 582, 583, 605
Lowriders: 412, 534, 535, 536, 567, 575, 576
Recreational: 424, 444, 457, 471, 483, 495, 500, 504, 508, 539, 556, 557, 568, 571
Bikes: 448, 461, 462, 463, 468, 481, 509, 510, 521, 522, 581, 586
Civil Servant & Transportation: 408, 420, 431, 437, 438, 485, 525, 537, 538, 552, 574
Commercial & Government: 407, 416, 427, 428, 432, 433, 470, 490, 523, 528, 544, 596, 597, 598, 599, 601
Aircraft: 417, 425, 447, 460, 469, 476, 487, 488, 497, 511, 512, 513, 519, 520, 548, 553, 563, 577, 592, 593
Boats: 430, 446, 452, 453, 454, 472, 473, 484, 493, 595
RC toys: 441, 464, 465, 501, 564, 594
Trailers: 435, 450, 584, 591, 606, 607, 608, 610, 611